0 0.632313 0.476069 0.049062 0.037222
0 0.391004 0.429653 0.032320 0.030972
0 0.348996 0.437500 0.031117 0.019722
0 0.244715 0.468882 0.038805 0.045958
0 0.323359 0.528472 0.047531 0.074167
0 0.282715 0.654653 0.056102 0.099861
0 0.485961 0.458472 0.033984 0.031111
0 0.559059 0.775861 0.082117 0.123389
0 0.502848 0.649896 0.069930 0.107847
0 0.555629 0.460847 0.035242 0.038972
0 0.835090 0.689382 0.090305 0.084542
0 0.273207 0.409937 0.030320 0.024042
0 0.765852 0.602361 0.068687 0.075500
0 0.825617 0.553174 0.072453 0.071042
0 0.429676 0.949104 0.117367 0.101792
0 0.218531 0.936764 0.124047 0.126472
0 0.262262 0.544819 0.041727 0.057444
0 0.315477 0.476458 0.044062 0.038333
0 0.385453 0.484069 0.046016 0.044444
0 0.303906 0.403021 0.029609 0.025486
0 0.322773 0.420222 0.029844 0.026667
0 0.622547 0.451715 0.046875 0.035097
0 0.460547 0.470903 0.039219 0.036250
0 0.615770 0.504618 0.051852 0.050764
0 0.969945 0.720306 0.060109 0.092222
