0 0.481094 0.439722 0.037188 0.030833
0 0.303867 0.413299 0.023047 0.019597
0 0.482926 0.470910 0.041492 0.031542
0 0.584688 0.523979 0.050000 0.043792
0 0.407598 0.434292 0.031555 0.026389
0 0.375336 0.441444 0.035781 0.031528
0 0.250148 0.397736 0.026562 0.022361
0 0.613719 0.476444 0.036594 0.034639
0 0.211945 0.395653 0.027188 0.028750
0 0.183047 0.388042 0.022891 0.028333
0 0.528711 0.726479 0.068359 0.103097
0 0.818848 0.925868 0.154164 0.148264
0 0.775613 0.423535 0.049367 0.045597
0 0.718422 0.604090 0.064609 0.080347
0 0.850078 0.562396 0.061766 0.079153
0 0.386320 0.626479 0.060344 0.094069
0 0.430387 0.937743 0.117008 0.124514
0 0.455125 0.518278 0.049281 0.058056
0 0.257781 0.550514 0.039609 0.055972
0 0.346734 0.489861 0.044453 0.055417
0 0.265148 0.481306 0.043984 0.049583
0 0.575605 0.480167 0.052039 0.051056
0 0.455562 0.589625 0.058625 0.075194
0 0.274336 0.601319 0.041641 0.077361
0 0.777828 0.561993 0.083875 0.095264
