0 0.263203 0.447375 0.039609 0.042361
0 0.676910 0.580743 0.062211 0.066819
0 0.811191 0.676153 0.085023 0.082917
0 0.682719 0.721694 0.086203 0.128083
0 0.213594 0.436319 0.034297 0.035833
0 0.928395 0.609181 0.085070 0.073917
0 0.663152 0.473403 0.043758 0.041250
0 0.871301 0.962799 0.108961 0.074403
0 0.282738 0.776792 0.078508 0.158917
0 0.936516 0.689583 0.085641 0.078611
0 0.446914 0.573403 0.053047 0.065833
0 0.371766 0.411625 0.033672 0.029583
0 0.233449 0.401403 0.033430 0.034167
0 0.262359 0.412792 0.028437 0.029861
0 0.609613 0.476083 0.049055 0.055611
0 0.590305 0.532986 0.051078 0.053472
0 0.377930 0.429542 0.030859 0.032778
0 0.314180 0.417528 0.028203 0.031528
0 0.189469 0.396361 0.020000 0.021250
0 0.979398 0.580125 0.041125 0.071694
0 0.237883 0.521292 0.037344 0.047083
0 0.341578 0.492778 0.040766 0.052389
0 0.391391 0.441472 0.033438 0.036528
0 0.445109 0.463583 0.039687 0.043889
0 0.473258 0.424000 0.047547 0.045833
0 0.537148 0.435465 0.039531 0.034347
0 0.500586 0.482806 0.050000 0.046528
0 0.329961 0.546319 0.042422 0.061528
0 0.275234 0.591000 0.040625 0.060000
0 0.285469 0.628083 0.044219 0.075833
0 0.397578 0.657521 0.069687 0.137236
0 0.522504 0.693181 0.066523 0.116250
0 0.547207 0.582375 0.071852 0.103000
0 0.676187 0.963583 0.110594 0.072833
0 0.200977 0.476194 0.033906 0.051389
0 0.240098 0.464729 0.034336 0.043458
