0 0.774727 0.539931 0.052109 0.042361
0 0.620637 0.552153 0.052273 0.052361
0 0.266664 0.540278 0.038859 0.060278
0 0.240664 0.466562 0.039609 0.049236
0 0.651680 0.518264 0.053984 0.042917
0 0.393953 0.691528 0.063687 0.093444
0 0.744016 0.560285 0.057719 0.053347
0 0.733086 0.621250 0.069609 0.069722
0 0.207723 0.485160 0.036430 0.057181
0 0.287344 0.501750 0.039844 0.042111
0 0.561070 0.512500 0.048234 0.049722
0 0.866848 0.720812 0.096039 0.097514
0 0.502387 0.554028 0.049195 0.056472
0 0.662840 0.494431 0.049898 0.029028
0 0.505926 0.443437 0.118711 0.134681
0 0.438480 0.440951 0.034758 0.034486
0 0.428773 0.501931 0.043047 0.051111
0 0.369750 0.509500 0.050469 0.060417
0 0.223031 0.425465 0.034844 0.029625
0 0.217094 0.400792 0.030781 0.029167
0 0.348289 0.432319 0.035141 0.030139
