0 0.494215 0.545188 0.048945 0.067875
0 0.246949 0.907264 0.098727 0.153556
0 0.877773 0.645674 0.082687 0.071264
0 0.576258 0.483083 0.050875 0.052889
0 0.774734 0.870417 0.118641 0.148306
0 0.456187 0.604014 0.051344 0.077194
0 0.715336 0.513646 0.055375 0.059792
0 0.700340 0.598917 0.066695 0.071306
0 0.267227 0.587076 0.047422 0.076542
0 0.850840 0.694007 0.089523 0.083181
0 0.409402 0.676125 0.059086 0.111972
0 0.283844 0.685208 0.058719 0.115417
0 0.340656 0.543681 0.051359 0.063472
0 0.521508 0.657632 0.071312 0.118069
0 0.362348 0.435903 0.032805 0.030694
0 0.313277 0.422715 0.028602 0.026264
0 0.264648 0.398056 0.021719 0.022500
0 0.209336 0.401597 0.021406 0.025972
0 0.242516 0.408347 0.030547 0.026667
0 0.311148 0.403972 0.026719 0.022361
0 0.370809 0.408097 0.032586 0.028194
0 0.230172 0.451347 0.040234 0.039861
0 0.674598 0.960000 0.119961 0.080000
0 0.596656 0.464097 0.032500 0.036806
0 0.422371 0.539382 0.057492 0.081153
0 0.444562 0.462125 0.037500 0.036111
0 0.487922 0.436924 0.036875 0.045986
0 0.236578 0.521264 0.035547 0.055556
0 0.264676 0.483764 0.037211 0.040528
