0 0.447594 0.458229 0.046062 0.047292
0 0.365258 0.437611 0.037656 0.032500
0 0.431937 0.424208 0.034609 0.033194
0 0.491508 0.461458 0.038531 0.038194
0 0.532348 0.677354 0.070008 0.110569
0 0.440617 0.581764 0.052109 0.067083
0 0.626020 0.499549 0.052102 0.053181
0 0.499820 0.556868 0.065250 0.073042
0 0.839027 0.618604 0.091758 0.080875
0 0.595125 0.528715 0.048922 0.060597
0 0.722699 0.548438 0.064523 0.070153
0 0.835934 0.556451 0.082414 0.072514
0 0.970801 0.720597 0.058398 0.096972
0 0.248047 0.520625 0.043125 0.080972
0 0.341848 0.543681 0.042133 0.062639
0 0.289219 0.596458 0.067187 0.168472
0 0.351738 0.471597 0.045430 0.067083
0 0.383125 0.425931 0.021641 0.024722
0 0.201125 0.399917 0.023203 0.025139
0 0.515855 0.442125 0.049367 0.048722
0 0.253937 0.457229 0.032187 0.034319
0 0.244609 0.430222 0.039688 0.035694
0 0.286109 0.405083 0.027969 0.024444
0 0.326562 0.419542 0.030391 0.028611
