0 0.387508 0.428208 0.030000 0.031528
0 0.341805 0.432306 0.031406 0.027778
0 0.363484 0.413653 0.023984 0.029639
0 0.301098 0.421056 0.023758 0.023333
0 0.282977 0.403347 0.027969 0.026250
0 0.247766 0.402139 0.029609 0.024722
0 0.218000 0.397833 0.020078 0.019722
0 0.257801 0.547569 0.039711 0.066806
0 0.960742 0.604542 0.078516 0.071000
0 0.651109 0.436597 0.122781 0.091528
0 0.709703 0.551840 0.060687 0.062014
0 0.821996 0.559021 0.068773 0.055764
0 0.301055 0.650069 0.051656 0.093056
0 0.778430 0.655236 0.084578 0.071583
0 0.422941 0.561368 0.049586 0.070042
0 0.373875 0.511722 0.045312 0.049444
0 0.682031 0.497563 0.052500 0.052875
0 0.506859 0.424292 0.103406 0.090944
0 0.472309 0.972271 0.107711 0.055458
0 0.262109 0.946979 0.107719 0.106042
0 0.626469 0.874076 0.116656 0.182486
0 0.331309 0.538875 0.040664 0.058583
0 0.570742 0.520972 0.048516 0.045000
0 0.800590 0.508611 0.063258 0.051111
0 0.565293 0.478396 0.051898 0.051264
0 0.322285 0.477097 0.041523 0.040250
0 0.276953 0.489181 0.041484 0.048306
