0 0.542836 0.461875 0.048797 0.036528
0 0.597602 0.826569 0.094047 0.139778
0 0.443539 0.502944 0.049437 0.066778
0 0.495129 0.627986 0.060523 0.099306
0 0.764750 0.634722 0.074562 0.079444
0 0.920125 0.658403 0.100234 0.098472
0 0.703715 0.502118 0.056477 0.053819
0 0.627891 0.512431 0.052500 0.049306
0 0.232969 0.919333 0.124375 0.161333
0 0.663750 0.966951 0.113203 0.066097
0 0.237547 0.403806 0.021875 0.023611
0 0.215969 0.406250 0.024281 0.021667
0 0.261070 0.413681 0.022578 0.022639
0 0.250133 0.445694 0.034609 0.034722
0 0.297047 0.414931 0.031406 0.030972
0 0.258105 0.479431 0.036570 0.048194
0 0.344883 0.403208 0.036797 0.027083
0 0.333203 0.481917 0.041719 0.045417
0 0.380156 0.475667 0.043594 0.041528
0 0.374625 0.519250 0.042188 0.054167
0 0.466633 0.420965 0.034141 0.025403
0 0.532117 0.584681 0.056391 0.063889
0 0.647188 0.565278 0.057813 0.053333
0 0.466828 0.445486 0.039313 0.038750
0 0.308668 0.520417 0.039961 0.054444
0 0.542039 0.502431 0.050641 0.050694
0 0.657918 0.698181 0.088586 0.115528
0 0.399980 0.677222 0.058945 0.111389
0 0.419063 0.433958 0.038750 0.040417
0 0.370715 0.590347 0.049352 0.066528
0 0.345965 0.422917 0.033383 0.026944
0 0.871977 0.931986 0.145109 0.136028
