0 0.663594 0.522458 0.052813 0.045917
0 0.333945 0.428681 0.031484 0.023472
0 0.307414 0.530333 0.047016 0.070667
0 0.634805 0.561507 0.056016 0.050625
0 0.830715 0.612056 0.071617 0.062139
0 0.985582 0.636264 0.028383 0.087583
0 0.239656 0.521167 0.040266 0.063167
0 0.382117 0.624201 0.050766 0.077236
0 0.423809 0.421687 0.037070 0.034153
0 0.507133 0.464465 0.040359 0.037986
0 0.853082 0.942514 0.107055 0.108250
0 0.188844 0.393903 0.024531 0.024444
0 0.567422 0.444889 0.042500 0.033194
0 0.340945 0.410507 0.029531 0.020653
0 0.562969 0.487201 0.050156 0.045875
0 0.599566 0.641111 0.073680 0.086750
0 0.434258 0.899340 0.094219 0.201319
0 0.273965 0.840632 0.085648 0.133486
0 0.859867 0.701799 0.109266 0.090014
0 0.346438 0.493389 0.044062 0.042083
0 0.296555 0.464917 0.043828 0.045139
0 0.252316 0.405639 0.029742 0.030417
