0 0.293238 0.776667 0.072430 0.141111
0 0.331777 0.487090 0.038477 0.043903
0 0.911719 0.593681 0.085938 0.060972
0 0.251699 0.552076 0.041086 0.047486
0 0.735344 0.796299 0.117609 0.176764
0 0.920035 0.552854 0.070055 0.047542
0 0.387074 0.633847 0.077570 0.193167
0 0.430273 0.569569 0.033672 0.060833
0 0.432305 0.508181 0.048516 0.061944
0 0.372297 0.475472 0.039062 0.039306
0 0.401562 0.414611 0.036797 0.035556
0 0.290414 0.437500 0.040234 0.038472
0 0.261781 0.453056 0.034531 0.033194
0 0.262016 0.486181 0.036406 0.039444
0 0.259844 0.410056 0.030625 0.025833
0 0.211266 0.402861 0.022812 0.021111
0 0.322051 0.417250 0.041477 0.034167
0 0.292254 0.506646 0.039008 0.062097
0 0.328020 0.541375 0.038570 0.062972
0 0.897281 0.460250 0.070922 0.064389
0 0.508844 0.562917 0.054641 0.061667
0 0.300770 0.596229 0.042211 0.074347
0 0.544289 0.733528 0.073797 0.110306
0 0.748547 0.577972 0.070609 0.064361
0 0.737738 0.492535 0.051555 0.051847
