0 0.515852 0.432347 0.044687 0.044306
0 0.554246 0.452958 0.048992 0.040667
0 0.661973 0.469139 0.048180 0.043722
0 0.623305 0.679708 0.078016 0.101861
0 0.438078 0.582187 0.048578 0.062819
0 0.285625 0.625569 0.053938 0.103528
0 0.736105 0.518403 0.052773 0.050639
0 0.700043 0.537701 0.057023 0.058625
0 0.476270 0.632667 0.059898 0.081889
0 0.616543 0.497646 0.051570 0.059653
0 0.172547 0.377639 0.066625 0.072806
0 0.225141 0.407611 0.026562 0.026389
0 0.254125 0.402764 0.027969 0.031694
0 0.264945 0.415181 0.022422 0.019028
0 0.270492 0.436083 0.034609 0.032500
0 0.237055 0.442750 0.035547 0.031944
0 0.298227 0.404278 0.028047 0.026389
0 0.230492 0.467472 0.033047 0.040833
0 0.273813 0.463097 0.035312 0.035972
0 0.324422 0.445181 0.041797 0.048194
0 0.339695 0.418722 0.029219 0.025000
0 0.367777 0.438861 0.029602 0.028611
0 0.404707 0.450069 0.037727 0.034583
0 0.386430 0.483618 0.041016 0.040569
0 0.378773 0.513514 0.044531 0.059722
0 0.842543 0.615257 0.072773 0.068097
0 0.778332 0.651729 0.087617 0.099569
0 0.262273 0.901354 0.121719 0.197292
0 0.550809 0.472118 0.048227 0.055625
0 0.290934 0.503799 0.036883 0.049764
0 0.327562 0.538806 0.040969 0.064278
0 0.463117 0.519653 0.053750 0.069306
0 0.543148 0.583271 0.055781 0.079847
0 0.464375 0.451792 0.036250 0.037917
