0 0.635223 0.557438 0.058961 0.051931
0 0.965617 0.707667 0.064375 0.065278
0 0.479320 0.612569 0.064016 0.088639
0 0.377852 0.617944 0.055906 0.095944
0 0.596848 0.465160 0.038492 0.042764
0 0.237367 0.533722 0.038203 0.045972
0 0.273539 0.486063 0.036328 0.048236
0 0.308070 0.465090 0.041328 0.045181
0 0.399203 0.446708 0.034922 0.027500
0 0.433188 0.438306 0.028984 0.037083
0 0.318453 0.406139 0.026172 0.024306
0 0.266969 0.408500 0.024141 0.027361
0 0.238023 0.408500 0.026094 0.023194
0 0.191180 0.398556 0.021328 0.021944
0 0.814422 0.520181 0.059906 0.056750
0 0.768801 0.572368 0.067367 0.074153
0 0.608117 0.885375 0.110719 0.173694
0 0.274695 0.706944 0.060453 0.099167
0 0.271367 0.826875 0.076172 0.136806
0 0.497332 0.480729 0.042758 0.040069
0 0.772852 0.654007 0.078312 0.088292
0 0.462691 0.950951 0.114289 0.098097
0 0.325406 0.422465 0.036750 0.024653
0 0.555078 0.465972 0.058281 0.056111
0 0.762609 0.406285 0.036813 0.044375
0 0.686523 0.742688 0.090188 0.116347
